q_alt = 0.299980
r_alt = 10.000000
