q_psi = 0.100000
q_r = 0.200000
r_psi = 1.000000
r_r = 2.000000
Kr = -4.4701
br = 0.2826
aur = -3.7538
avr = -3.2565
Izz = 7.89