q_psi = 0.100000
q_r = 0.200000
r_psi = 10.000000
r_r = 20.000000
Kr = 0.60470
br = 0.262300
