Kp_vel = 0.160000
Kp_force = 10.000000
Ki_vel = 0.000000
Ki_force = 0.000000
Kd_vel = 0.000000
Kd_force = 0.000000