Kp = 50.000000
Ki = 2.500000
Kd = 10.000000
FF = 245.000000
