ACT

origin_latitude  = 43.933902
origin_longitude = 15.443407




