SIM

origin_latitude  = 44.426193
origin_longitude = 8.778464




