SIM

origin_latitude  = 41.738000
origin_longitude = 12.246803




