q_xy = 0.010000
r_xy_11 = 10.000000
r_xy_12 = -0.100000
r_xy_22 = 10.000000
