Kp_vel = 0.000020
Kp_force = 50.000000
