Kp = 20.000000
Ki = 1.000000
Kd = 0.000000
FF = 100.000000
