q_uv = 1.000000
q_current = 0.001000
r_uv_11 = 0.500000
r_uv_12 = -0.050000
r_uv_22 = 0.500000
Ku = -11.9268
bu = 0.5880
avu = 0.0
aru = 0.0
Kv = -39.0468
bv = 0.1208
auv = 0.0
arv = 0.0
m = 44.0