q_uv = 1.000000
q_current = 0.001000
r_uv_11 = 0.500000
r_uv_12 = -0.050000
r_uv_22 = 0.500000
Ku = 0.230080
bu = 0.001600
Kv = 0.406200
bv = 0.000800
