Ks = 0.200000
Kgamma = 10.000000
maxAngle = 60.0
