q_z = 0.299980
r_z = 10.000000
