q_w = 0.299980
r_w = 2.000000
Kw = 0.709080
bw = 0.001100
gw = 0.014390
